0
0.003
0.003
0.003
0
0.001
0.002
0.001
0.002
0
0.001
0.007
0.002
0.019
0
0.002
0
0.008
0.007
0.012
0.002
0.003
0.001
0
0.004
0
0.002
0
0
0
0.005
0
0
0
0.001
0
0
0.002
0
0
0.003
0
0
0.001
0
0
0.003
0
0
0
0.001
0
0.004
0
0
0
0.002
0
0
0.003
0.001
0
0.002
0.001
0
0
0.004
0
0
0.001
0
0.001
0
0
0
0
0
0
0.004
0.001
0.001
0.001
0.003
0.001
0.001
0.001
0.005
0
0
0.001
0.001
0.001
0.005
0.001
0
0.001
0.003
0.004
0.001
0
0.002
0
0.001
0
0.01
0.002
0.004
0.007
0.005
0.003
0.002
0.002
0.005
0
0.001
0.006
0.004
0.011
0.004
0.002
0
0.015
0.012
0.01
0.001
0.003
0.005
0.001
0.003
0
0.002
0
0
0
0.002
0.001
0
0
0.002
0
0
0.001
0.001
0
0.003
0
0
0.002
0.001
0.003
0.001
0
0
0
0
0
0.002
0
0
0
0.003
0
0
0.003
0.002
0
0
0.001
0
0
0.004
0
0
0.001
0.001
0.002
0.001
0
0.001
0
0
0
0.014
0
0
0
0.024
0
0
0
0.007
0
0
0
0
0
0.005
0
0
0.001
0.001
0.003
0.001
0
0
0
0.001
0
0.001
0.001
0.004
0.004
0.003
0.002
0.002
0.001
0
0
0.002
0.003
0.004
0.018
0.002
0.001
0
0.002
0.007
0.01
0
0.002
0.001
0
0
0
0
0
0
0
0
0
0
0
0
0
0
0
0
0
0
0
0
0
0
0
0.001
0
0
0
0
0
0.001
0
0
0
0.003
0
0
0
0.002
0
0
0
0
0.002
0.001
0
0
0
0.001
0.001
0
0
0
0
0
0
0.004
0.001
0
0.003
0.006
0.001
0
0
0.005
0
0.001
0.006
0.001
0
0.004
0
0
0
0.001
0.002
0.001
0
0
0
0.004
0
0.004
0.001
0
0
0.008
0
0
0
0.002
0
0
0
0
0
0.002
0.001
0
0
0.001
0.001
0.001
0
0
0
0.002
0
0.003
0.001
0.002
0.014
0.006
0.001
0.011
0.001
0.004
0
0.001
0.001
0.001
0.001
0.007
0
0
0
0.003
0.011
0
0
0.001
0
0.002
0
0.001
0.002
0.001
0.002
0.001
0.006
0.001
0.001
0.002
0
0.002
0.002
0.006
0.011
0.003
0.002
0
0.009
0.003
0.006
0.015
0.001
0.005
0
0.001
0
0.002
0
0
0
0.003
0
0
0
0.001
0
0
0.002
0
0
0.002
0.001
0
0.001
0.001
0.001
0.001
0
0
0
0
0
0
0
0
0
0
0
0
0
0
0
0
0
0
0
0
0
0
0
0
0
0.001
0
0
0
0
0
0.005
0.001
0.001
0.002
0.012
0.001
0
0.001
0.005
0
0.001
0.001
0.001
0.001
0.005
0.001
0
0.002
0.004
0.005
0.001
0
0.001
0
0.002
0
0.007
0.001
0.001
0.001
0.007
0.001
0.001
0.006
0.005
0
0.001
0.001
0.002
0.002
0.006
0.001
0
0
0.003
0.01
0.002
0
0.002
0
0.001
0
0.006
0.001
0.001
0.001
0.007
0.001
0.001
0.03
0.009
0
0.001
0.002
0.002
0.001
0.012
0.001
0
0.002
0.005
0.007
0.002
0
0.003
0
0.002
0
0.001
0.001
0.002
0.001
0.001
0.001
0.002
0
0.001
0
0
0.003
0.001
0.003
0
0.002
0
0.004
0.005
0.006
0
0
0
0
0
0
0
0
0
0
0.008
0
0
0
0.001
0
0
0
0
0
0
0
0
0
0
0
0
0
0
0
0
0
0.005
0
0
0
0.004
0
0
0.005
0.003
0
0
0
0
0.001
0.003
0
0
0
0
0
0
0
0
0
0
0
0
0
0
0
0
0
0
0
0
0
0
0
0
0
0
0
0
0
0
0
0
0
0
0
0
0
0.002
0.001
0.001
0.001
0.001
0.001
0
0.001
0.002
0
0
0.001
0.001
0
0.006
0
0
0.001
0.002
0.002
0
0
0.001
0
0
0
0
0
0
0
0
0
0
0
0
0
0
0
0
0
0
0
0
0
0
0
0
0
0
0
0
0
0
0
0
0
0
0
0
0
0
0
