0.000242
0.003206
0.003032
0.003330
0.000062
0.001063
0.001659
0.000640
0.001883
0.000099
0.001398
0.006593
0.001970
0.018541
0.000062
0.001845
0.000093
0.007668
0.007121
0.011874
0.002032
0.002548
0.000951
0.000043
0.003803
0.000149
0.002075
0.000174
0.000025
0.000050
0.005089
0.000031
0.000019
0.000012
0.000957
0.000043
0.000006
0.001597
0.000037
0.000012
0.002976
0.000006
0.000000
0.000777
0.000286
0.000112
0.002641
0.000137
0.000068
0.000000
0.000590
0.000000
0.003747
0.000025
0.000155
0.000087
0.002467
0.000012
0.000043
0.003299
0.000708
0.000006
0.002454
0.000677
0.000019
0.000012
0.004051
0.000012
0.000006
0.000777
0.000118
0.001243
0.000491
0.000000
0.000012
0.000000
0.000081
0.000006
0.003778
0.001280
0.000603
0.001038
0.003362
0.000634
0.000522
0.001317
0.005126
0.000236
0.000112
0.001013
0.001150
0.001448
0.005039
0.000615
0.000019
0.001255
0.002951
0.004256
0.000652
0.000124
0.001535
0.000000
0.001398
0.000000
0.009830
0.002386
0.004039
0.007338
0.005356
0.002610
0.001671
0.002106
0.005195
0.000373
0.000683
0.005803
0.003759
0.010936
0.004132
0.002100
0.000186
0.014844
0.012104
0.009668
0.000559
0.002864
0.004648
0.001268
0.002622
0.000043
0.001858
0.000261
0.000398
0.000193
0.001883
0.001305
0.000087
0.000292
0.002386
0.000037
0.000006
0.000646
0.000541
0.000106
0.003181
0.000255
0.000019
0.001566
0.000578
0.002591
0.001044
0.000012
0.000435
0.000000
0.000447
0.000000
0.002268
0.000373
0.000162
0.000217
0.002641
0.000292
0.000236
0.003405
0.001945
0.000087
0.000012
0.000659
0.000398
0.000304
0.003697
0.000137
0.000006
0.001156
0.001423
0.001908
0.000913
0.000012
0.000553
0.000000
0.000143
0.000000
0.013546
0.000236
0.000130
0.000124
0.023997
0.000137
0.000068
0.000292
0.007456
0.000031
0.000012
0.000311
0.000410
0.000174
0.005381
0.000087
0.000012
0.000808
0.000621
0.002560
0.000565
0.000006
0.000311
0.000000
0.000727
0.000000
0.001075
0.000547
0.003995
0.004132
0.002504
0.002361
0.002287
0.000727
0.000050
0.000112
0.001690
0.002771
0.003877
0.017951
0.002224
0.000590
0.000043
0.002374
0.007127
0.010022
0.000118
0.001833
0.001410
0.000149
0.000006
0.000360
0.000249
0.000012
0.000000
0.000000
0.000162
0.000006
0.000000
0.000000
0.000050
0.000000
0.000000
0.000000
0.000000
0.000000
0.000410
0.000000
0.000000
0.000006
0.000000
0.000000
0.001268
0.000000
0.000000
0.000000
0.000000
0.000000
0.000976
0.000149
0.000087
0.000093
0.003386
0.000130
0.000056
0.000205
0.002206
0.000012
0.000000
0.000230
0.000186
0.001765
0.000597
0.000062
0.000025
0.000056
0.001299
0.000578
0.000075
0.000000
0.000292
0.000000
0.000199
0.000006
0.004076
0.000547
0.000217
0.002777
0.006071
0.001044
0.000174
0.000416
0.005412
0.000031
0.000615
0.005654
0.000510
0.000143
0.003579
0.000236
0.000006
0.000217
0.001212
0.001653
0.000553
0.000249
0.000441
0.000006
0.003536
0.000000
0.004082
0.000758
0.000106
0.000155
0.008214
0.000174
0.000186
0.000168
0.002193
0.000062
0.000019
0.000149
0.000385
0.000367
0.002380
0.000926
0.000006
0.000118
0.000920
0.000609
0.001193
0.000012
0.000211
0.000000
0.002007
0.000000
0.003324
0.000652
0.001616
0.013521
0.006046
0.000547
0.010749
0.000758
0.004002
0.000130
0.001280
0.000876
0.000752
0.000932
0.006617
0.000298
0.000062
0.000292
0.003094
0.011452
0.000485
0.000354
0.001031
0.000019
0.002330
0.000000
0.001230
0.001963
0.001000
0.001963
0.000913
0.005872
0.000988
0.001112
0.002218
0.000081
0.001659
0.002137
0.005760
0.011135
0.003243
0.002218
0.000025
0.008693
0.003088
0.005934
0.014745
0.000969
0.004859
0.000068
0.000652
0.000043
0.001870
0.000124
0.000012
0.000031
0.003113
0.000205
0.000025
0.000491
0.001224
0.000012
0.000000
0.002119
0.000149
0.000025
0.001578
0.001193
0.000000
0.001497
0.000541
0.000721
0.000597
0.000006
0.000193
0.000000
0.000336
0.000000
0.000000
0.000000
0.000000
0.000000
0.000000
0.000000
0.000000
0.000000
0.000000
0.000000
0.000000
0.000000
0.000000
0.000000
0.000000
0.000000
0.000000
0.000000
0.000000
0.000000
0.000584
0.000000
0.000000
0.000000
0.000000
0.000000
0.004784
0.000702
0.000572
0.001703
0.012253
0.000665
0.000447
0.000802
0.005064
0.000112
0.000826
0.001292
0.001125
0.000982
0.004915
0.000522
0.000012
0.001808
0.003765
0.004523
0.000621
0.000317
0.000994
0.000012
0.002392
0.000000
0.006624
0.001081
0.001056
0.000590
0.007239
0.000764
0.000652
0.006071
0.004965
0.000224
0.000597
0.001224
0.001671
0.001970
0.006338
0.001497
0.000124
0.000379
0.003225
0.009842
0.001522
0.000075
0.001889
0.000000
0.000677
0.000006
0.006220
0.001460
0.001181
0.001044
0.006580
0.001007
0.000597
0.030111
0.009084
0.000230
0.000516
0.001821
0.001628
0.000702
0.011905
0.000671
0.000019
0.001939
0.005474
0.006823
0.001684
0.000130
0.003368
0.000000
0.002069
0.000019
0.000659
0.000640
0.001678
0.000789
0.000733
0.000522
0.001790
0.000261
0.000882
0.000056
0.000367
0.002734
0.001199
0.002616
0.000124
0.001845
0.000006
0.004169
0.004971
0.006027
0.000037
0.000180
0.000410
0.000000
0.000373
0.000025
0.000186
0.000012
0.000000
0.000006
0.008221
0.000000
0.000006
0.000000
0.001193
0.000000
0.000000
0.000006
0.000000
0.000000
0.000441
0.000000
0.000000
0.000000
0.000000
0.000012
0.000006
0.000000
0.000000
0.000000
0.000019
0.000000
0.005114
0.000137
0.000087
0.000155
0.003840
0.000106
0.000025
0.005207
0.003256
0.000025
0.000012
0.000149
0.000168
0.000783
0.002995
0.000050
0.000000
0.000323
0.000441
0.000423
0.000050
0.000000
0.000423
0.000000
0.000168
0.000000
0.000180
0.000000
0.000099
0.000000
0.000062
0.000025
0.000031
0.000025
0.000112
0.000000
0.000000
0.000012
0.000025
0.000012
0.000056
0.000298
0.000006
0.000000
0.000012
0.000348
0.000056
0.000000
0.000062
0.000000
0.000043
0.000000
0.001790
0.001224
0.000553
0.000609
0.001367
0.000640
0.000292
0.000640
0.001802
0.000162
0.000099
0.000646
0.000839
0.000454
0.006356
0.000404
0.000019
0.000516
0.002224
0.002237
0.000124
0.000155
0.001218
0.000006
0.000205
0.000000
0.000075
0.000012
0.000000
0.000025
0.000162
0.000006
0.000000
0.000000
0.000081
0.000000
0.000000
0.000031
0.000000
0.000006
0.000019
0.000006
0.000000
0.000000
0.000050
0.000006
0.000006
0.000000
0.000012
0.000000
0.000025
0.000099