(0005, 1000, 8000, 0888):   512.000000
(0005, 1000, 8000, 8080):   512.000000
(000c, 0001, 1000, 8008):   512.000000
(0500, 4000, 0008, 0111):   512.000000
(0500, 4000, 0008, 1010):   512.000000
(0c00, 0004, 0001, 1001):   512.000000


(0050, 2000, 8000, 0888):   512.000000
(0050, 2000, 8000, 8080):   512.000000
(5000, 8000, 0008, 0111):   512.000000
(5000, 8000, 0008, 1010):   512.000000


(5000, 8000, 0080, 0222):   512.000000
(5000, 8000, 0080, 2020):   512.000000
(c000, 0008, 0010, 2002):   512.000000